00000000000000000000010100110011
00000001010000000000010110010011
00000000000100000000011000010011
00000000000100000000011010010011
00001001000000000000000011101111
00000101000000000000001010010011
00000000000000000000001100110011
00000000010100110000100001100011
00000000000000110000001110000011
00000000011000111000000000100011
00000000000100110000001100010011
11111111000111111111000001101111
00000000000000000000000000000000
00000000101001100000000000100011
00000000101001101000000000100011
00000000100001010000010100010011
00000000001001011001001010010011
00000000101000101000001010110011
00000000101000101100111001100011
00000000110001101000001100110011
00000000101000110000000000100011
00000000000001101000011000110011
00000000000000110000011010110011
00000000010000000000010110010011
11111110100111111111000001101111
00000000000000001000000001100111
